0 0.044762 0.590736 0.085714 0.120558
0 0.085238 0.425127 0.039048 0.058376
0 0.121429 0.392766 0.025714 0.041878
0 0.170000 0.347081 0.023810 0.031726
0 0.021905 0.361041 0.022857 0.026650
0 0.196667 0.429569 0.037143 0.044416
0 0.234762 0.359772 0.027619 0.036802
0 0.285714 0.526650 0.114286 0.162437
0 0.290952 0.354061 0.025714 0.027919
0 0.376667 0.367386 0.016190 0.021574
0 0.400000 0.388959 0.026667 0.034264
0 0.441905 0.454315 0.043810 0.058376
0 0.541429 0.444162 0.061905 0.086294
0 0.507619 0.398477 0.022857 0.045685
0 0.444762 0.381345 0.017143 0.021574
0 0.583333 0.350888 0.027619 0.029188
0 0.700476 0.393401 0.025714 0.027919
0 0.699524 0.345178 0.016190 0.022843
0 0.746667 0.440990 0.024762 0.031726
0 0.727619 0.361675 0.017143 0.015228
0 0.775238 0.397843 0.020952 0.029188
0 0.824762 0.445431 0.049524 0.063452
0 0.890476 0.400381 0.022857 0.034264
0 0.988095 0.460025 0.021905 0.069797
0 0.960476 0.385787 0.031429 0.032995
1 0.542381 0.348350 0.014286 0.019036
