0 0.536250 0.423333 0.040000 0.050000
0 0.781875 0.483333 0.036250 0.043333
1 0.875625 0.491667 0.041250 0.046667
1 0.716875 0.445833 0.038750 0.041667
1 0.656250 0.410833 0.035000 0.041667
1 0.468750 0.415833 0.032500 0.048333
1 0.366250 0.407500 0.040000 0.048333
1 0.441875 0.395000 0.031250 0.040000
1 0.199375 0.402500 0.041250 0.051667
1 0.281250 0.402500 0.032500 0.051667
1 0.249375 0.557500 0.031250 0.045000
1 0.615625 0.429167 0.041250 0.048333
0 0.070625 0.439167 0.021250 0.028333
1 0.841250 0.456667 0.022500 0.026667
