0 0.041364 0.952342 0.071818 0.092084
0 0.120909 0.853796 0.070909 0.134087
1 0.165000 0.767367 0.053636 0.119548
1 0.094091 0.478998 0.050000 0.092084
0 0.263182 0.500808 0.048182 0.109855
0 0.259091 0.220517 0.056364 0.092084
0 0.082727 0.324717 0.045455 0.106624
0 0.021818 0.280291 0.030909 0.085622
0 0.562273 0.903877 0.071818 0.127625
0 0.517273 0.808562 0.063636 0.098546
0 0.498182 0.414378 0.061818 0.108239
0 0.481364 0.221325 0.060909 0.090468
0 0.486818 0.065428 0.055455 0.075929
0 0.660455 0.222132 0.053636 0.111470
0 0.640455 0.487884 0.053636 0.103393
0 0.747727 0.219709 0.059091 0.116317
0 0.821364 0.137318 0.057273 0.087237
0 0.895455 0.317447 0.067273 0.101777
0 0.933182 0.684168 0.062727 0.101777
