0 0.096731 0.204000 0.062708 0.102000
0 0.295530 0.237500 0.052035 0.099000
0 0.392929 0.277000 0.050700 0.098000
0 0.473649 0.212000 0.061374 0.106000
0 0.614076 0.262500 0.035357 0.095000
0 0.593729 0.196500 0.025350 0.083000
0 0.722815 0.232500 0.050033 0.089000
0 0.914610 0.290500 0.058706 0.093000
0 0.157438 0.140500 0.028019 0.081000
0 0.350901 0.161500 0.030687 0.067000
0 0.678452 0.147000 0.034690 0.096000
0 0.762508 0.105500 0.037358 0.065000
1 0.647432 0.125500 0.022015 0.049000
0 0.524016 0.078000 0.030020 0.072000
