0 0.068750 0.916992 0.107500 0.162109
0 0.193750 0.795898 0.070000 0.111328
0 0.303125 0.741211 0.128750 0.228516
0 0.493750 0.614258 0.077500 0.166016
0 0.320625 0.242188 0.046250 0.074219
0 0.399375 0.112305 0.036250 0.056641
0 0.422500 0.247070 0.035000 0.068359
0 0.496875 0.139648 0.028750 0.044922
0 0.591875 0.153320 0.036250 0.060547
0 0.565000 0.374023 0.037500 0.068359
0 0.691250 0.562500 0.102500 0.160156
0 0.756250 0.191406 0.035000 0.054688
1 0.847500 0.341797 0.037500 0.058594
1 0.664375 0.200195 0.036250 0.060547
1 0.446875 0.456055 0.048750 0.076172
