0 0.032000 0.301248 0.034000 0.089127
0 0.112500 0.278075 0.047000 0.089127
0 0.257500 0.618538 0.035000 0.064171
0 0.304000 0.435829 0.038000 0.080214
0 0.348000 0.362745 0.036000 0.062389
0 0.416500 0.408200 0.043000 0.064171
0 0.465500 0.404635 0.033000 0.057041
0 0.570500 0.375223 0.033000 0.065954
0 0.637000 0.390374 0.034000 0.064171
0 0.722000 0.328877 0.034000 0.062389
1 0.219500 0.336007 0.037000 0.080214
1 0.312500 0.352050 0.029000 0.048128
1 0.531000 0.386809 0.030000 0.067736
1 0.393000 0.368093 0.036000 0.069519
