1 0.790161 0.725343 0.098825 0.153494
0 0.834458 0.523187 0.076839 0.115611
0 0.446887 0.558459 0.078798 0.115611
1 0.520570 0.696440 0.102090 0.145983
1 0.957553 0.547355 0.058772 0.087524
1 0.186657 0.628837 0.083805 0.150555
1 0.075860 0.507022 0.056813 0.093076
1 0.266108 0.583605 0.045059 0.100588
1 0.351437 0.532169 0.051589 0.078054
1 0.390836 0.490692 0.056813 0.110712
0 0.518176 0.486937 0.060296 0.092750
0 0.566500 0.485630 0.040270 0.070542
0 0.613626 0.392717 0.030039 0.055193
0 0.726491 0.357446 0.042011 0.055193
1 0.298759 0.491999 0.040270 0.072828
0 0.121136 0.411496 0.033740 0.052907
0 0.373204 0.386349 0.045494 0.067929
1 0.472355 0.338341 0.033087 0.049641
0 0.515781 0.316297 0.014149 0.034291
0 0.642033 0.309928 0.016761 0.035271
0 0.423596 0.334095 0.022638 0.038537
0 0.253265 0.298008 0.018938 0.028413
0 0.684697 0.370999 0.035916 0.047028
0 0.578145 0.427008 0.031345 0.053886
0 0.913801 0.314174 0.020897 0.041150
0 0.957662 0.305029 0.021550 0.042456
0 0.781128 0.348138 0.018938 0.032658
0 0.936983 0.301437 0.018067 0.035271
