1 0.384766 0.463542 0.056641 0.118056
1 0.381348 0.259549 0.079102 0.071181
0 0.645508 0.671875 0.060547 0.156250
0 0.578125 0.528646 0.039062 0.130208
0 0.694336 0.261285 0.025391 0.046875
1 0.264160 0.238715 0.030273 0.057292
1 0.083496 0.236979 0.020508 0.036458
1 0.507812 0.215278 0.027344 0.059028
1 0.752930 0.197917 0.019531 0.055556
1 0.576660 0.395833 0.038086 0.062500
0 0.891602 0.339410 0.025391 0.039931
1 0.933105 0.367188 0.038086 0.067708
1 0.938477 0.492188 0.027344 0.098958
1 0.964844 0.359375 0.031250 0.048611
