0 0.017188 0.515278 0.023958 0.043519
0 0.075521 0.804167 0.022917 0.036111
0 0.074219 0.493981 0.025521 0.041667
0 0.138021 0.505093 0.025000 0.052778
1 0.118490 0.631481 0.025521 0.050000
1 0.165625 0.713889 0.020833 0.044444
0 0.134115 0.374537 0.024479 0.047222
0 0.184375 0.384259 0.012500 0.046296
1 0.146354 0.270833 0.021875 0.041667
0 0.091406 0.153241 0.017188 0.039815
0 0.273438 0.687963 0.029167 0.057407
0 0.338802 0.897685 0.032813 0.060185
0 0.302865 0.622685 0.025521 0.054630
1 0.298438 0.482870 0.018750 0.037963
0 0.276042 0.414815 0.020833 0.044444
0 0.372396 0.490741 0.019792 0.046296
0 0.393229 0.700463 0.028125 0.054630
0 0.428646 0.814352 0.028125 0.060185
0 0.397656 0.801389 0.030729 0.060185
0 0.481510 0.918056 0.019271 0.045370
0 0.491927 0.657870 0.028646 0.056481
0 0.474740 0.604630 0.031771 0.037037
0 0.451823 0.454630 0.025521 0.046296
0 0.359635 0.374074 0.025521 0.042593
0 0.231771 0.261111 0.021875 0.035185
1 0.220833 0.220833 0.019792 0.041667
1 0.278125 0.270833 0.022917 0.043519
1 0.313802 0.245370 0.019271 0.038889
0 0.382812 0.275000 0.021875 0.042593
0 0.361458 0.207407 0.025000 0.042593
0 0.276302 0.083333 0.017188 0.035185
0 0.314063 0.051389 0.015625 0.034259
0 0.339844 0.165741 0.019271 0.031481
0 0.415365 0.160185 0.019271 0.033333
0 0.254688 0.206019 0.017708 0.034259
0 0.438802 0.375926 0.025521 0.040741
0 0.473958 0.318519 0.021875 0.046296
0 0.507031 0.367130 0.021354 0.043519
0 0.518229 0.483796 0.019792 0.039815
0 0.631771 0.878241 0.031250 0.056481
0 0.676562 0.967130 0.035417 0.058333
0 0.623698 0.571759 0.026562 0.041667
0 0.631250 0.406019 0.023958 0.037963
0 0.562240 0.383333 0.024479 0.046296
0 0.581250 0.346759 0.019792 0.034259
0 0.586719 0.282870 0.019271 0.036111
0 0.529687 0.206019 0.019792 0.032407
0 0.330208 0.016204 0.013542 0.030556
1 0.420052 0.047685 0.013021 0.028704
0 0.450260 0.031944 0.019271 0.037963
0 0.518750 0.076852 0.016667 0.035185
0 0.564323 0.031019 0.015104 0.030556
0 0.652083 0.138889 0.019792 0.037037
1 0.674219 0.113426 0.016146 0.028704
0 0.663542 0.281944 0.018750 0.032407
0 0.700000 0.393981 0.019792 0.037963
0 0.731250 0.613889 0.030208 0.051852
0 0.727344 0.447222 0.023438 0.044444
0 0.750521 0.493519 0.026042 0.044444
0 0.764062 0.418056 0.022917 0.045370
0 0.760156 0.587037 0.022396 0.046296
0 0.707812 0.073611 0.014583 0.030556
0 0.669531 0.016204 0.017188 0.030556
0 0.734115 0.016667 0.010937 0.031481
0 0.769271 0.035648 0.013542 0.032407
1 0.770312 0.077778 0.015625 0.031481
0 0.742969 0.157870 0.016146 0.032407
0 0.810156 0.206481 0.020313 0.040741
0 0.864844 0.114352 0.019271 0.030556
1 0.875781 0.015278 0.013021 0.028704
0 0.909896 0.111111 0.018750 0.033333
0 0.895052 0.183333 0.019271 0.037037
0 0.889323 0.261111 0.020313 0.040741
0 0.857031 0.291667 0.019271 0.038889
0 0.910937 0.311111 0.020833 0.040741
0 0.951302 0.250000 0.013021 0.027778
0 0.923438 0.379167 0.022917 0.045370
0 0.955469 0.457870 0.026562 0.039815
0 0.967187 0.309722 0.019792 0.045370
0 0.857812 0.077778 0.012500 0.027778
0 0.988542 0.678241 0.021875 0.054630
0 0.987760 0.586111 0.023438 0.046296
0 0.939583 0.510648 0.020833 0.036111
