0 0.540837 0.581465 0.099602 0.149477
0 0.029880 0.443199 0.019920 0.034380
0 0.125996 0.476831 0.008964 0.032885
0 0.237052 0.469357 0.011952 0.029895
0 0.269920 0.457399 0.021912 0.032885
0 0.375000 0.476831 0.014940 0.035874
1 0.345618 0.447683 0.021912 0.037369
0 0.430777 0.449178 0.016932 0.037369
0 0.491036 0.455904 0.019920 0.038864
0 0.651394 0.465620 0.015936 0.037369
0 0.692729 0.449178 0.008964 0.031390
0 0.735060 0.476084 0.013944 0.031390
0 0.870020 0.331839 0.016932 0.020927
0 0.935757 0.454410 0.006972 0.026906
1 0.884960 0.450673 0.016932 0.034380
0 0.887450 0.396114 0.015936 0.026906
