0 0.082520 0.232796 0.045898 0.067350
0 0.186523 0.114202 0.033203 0.049780
0 0.253906 0.281113 0.042969 0.061493
0 0.368652 0.087116 0.032227 0.042460
0 0.413086 0.144217 0.041016 0.062958
0 0.516602 0.354319 0.052734 0.087848
0 0.453613 0.081259 0.036133 0.054173
0 0.517578 0.090044 0.033203 0.051245
0 0.617676 0.264275 0.043945 0.068814
0 0.605469 0.206442 0.035156 0.055637
1 0.419434 0.074671 0.026367 0.032211
1 0.591309 0.101025 0.024414 0.040996
0 0.598145 0.038799 0.024414 0.033675
0 0.663574 0.133236 0.032227 0.043924
1 0.626953 0.022694 0.023438 0.036603
1 0.694336 0.074671 0.025391 0.046852
0 0.746582 0.056369 0.030273 0.048316
0 0.766113 0.058565 0.010742 0.035139
1 0.725098 0.051245 0.018555 0.035139
1 0.879395 0.056369 0.028320 0.039531
0 0.952148 0.098829 0.031250 0.045388
