1 0.131571 0.911985 0.046000 0.068352
1 0.029286 0.677903 0.040286 0.063670
1 0.150429 0.685627 0.038571 0.066011
1 0.043143 0.575140 0.033714 0.058521
1 0.164143 0.534176 0.043143 0.064607
1 0.057429 0.438202 0.036000 0.059925
1 0.163143 0.441713 0.034857 0.040730
1 0.202143 0.386236 0.034000 0.051498
1 0.064571 0.289794 0.032571 0.052434
1 0.097429 0.241105 0.026286 0.041199
1 0.210714 0.259597 0.035143 0.057584
1 0.118571 0.116573 0.032000 0.047753
1 0.208286 0.132257 0.033143 0.055712
1 0.227571 0.065777 0.030571 0.047285
1 0.395429 0.124298 0.017714 0.041667
0 0.470571 0.109082 0.020571 0.044007
0 0.516714 0.096676 0.022571 0.042603
1 0.454000 0.143493 0.028571 0.044476
1 0.457571 0.202013 0.026571 0.044476
0 0.437571 0.301732 0.029429 0.041667
1 0.473714 0.351592 0.020571 0.047753
1 0.453286 0.403090 0.022000 0.047753
1 0.455857 0.490637 0.031143 0.053371
1 0.432000 0.583801 0.037714 0.054307
1 0.466571 0.658006 0.032571 0.044476
1 0.475429 0.840824 0.034286 0.039326
1 0.491714 0.933755 0.041714 0.066011
1 0.461571 0.917603 0.015714 0.046816
0 0.522429 0.445225 0.031143 0.050562
1 0.552857 0.486891 0.035429 0.060861
1 0.561429 0.391620 0.033714 0.052903
1 0.534000 0.385768 0.025143 0.047753
1 0.525286 0.208333 0.017429 0.039326
1 0.545571 0.231039 0.028286 0.048221
1 0.581000 0.109551 0.026571 0.046816
1 0.588286 0.250936 0.029143 0.046816
1 0.636000 0.240871 0.024571 0.039794
1 0.638000 0.348549 0.033714 0.050094
1 0.615714 0.526685 0.029143 0.038390
1 0.561857 0.671816 0.027714 0.056180
1 0.598286 0.722378 0.036000 0.059925
1 0.642571 0.719101 0.033714 0.058052
1 0.649143 0.551030 0.033714 0.058989
1 0.638286 0.944288 0.029143 0.060861
1 0.617571 0.154026 0.027714 0.040262
1 0.657286 0.124766 0.019143 0.037921
1 0.647857 0.071161 0.024286 0.030899
1 0.714286 0.098315 0.021714 0.034644
1 0.689429 0.131320 0.025143 0.031367
1 0.718857 0.174860 0.028571 0.037921
1 0.705714 0.276451 0.033714 0.044476
1 0.728857 0.254682 0.012571 0.045880
1 0.700000 0.374766 0.033143 0.041667
1 0.730000 0.422519 0.033143 0.051966
1 0.754857 0.429541 0.016571 0.042603
1 0.742286 0.531835 0.033714 0.050562
1 0.734571 0.670880 0.037143 0.044007
1 0.768571 0.805712 0.036000 0.054307
1 0.785143 0.877809 0.022857 0.034644
1 0.801857 0.971676 0.034571 0.055712
1 0.759143 0.101124 0.017143 0.029026
