1 0.044565 0.453125 0.023913 0.065972
1 0.184783 0.404514 0.026087 0.065972
1 0.029348 0.375000 0.028261 0.048611
1 0.089130 0.404514 0.026087 0.059028
1 0.135870 0.355903 0.028261 0.052083
1 0.225000 0.359375 0.015217 0.052083
1 0.310870 0.368056 0.030435 0.062500
1 0.369565 0.375000 0.026087 0.048611
1 0.410870 0.418403 0.021739 0.052083
1 0.457609 0.399306 0.028261 0.048611
1 0.510870 0.399306 0.026087 0.055556
1 0.558696 0.404514 0.021739 0.045139
1 0.273913 0.392361 0.030435 0.069444
1 0.610870 0.376736 0.026087 0.045139
1 0.688043 0.343750 0.023913 0.048611
1 0.485870 0.362847 0.019565 0.059028
1 0.731522 0.378472 0.019565 0.055556
1 0.636957 0.355903 0.021739 0.059028
1 0.767391 0.402778 0.026087 0.055556
1 0.839130 0.387153 0.021739 0.045139
1 0.767391 0.343750 0.017391 0.034722
1 0.864130 0.387153 0.015217 0.038194
1 0.941304 0.387153 0.021739 0.045139
1 0.983696 0.355903 0.019565 0.038194
1 0.921739 0.368056 0.013043 0.034722
