0 0.083333 0.264205 0.047222 0.092045
0 0.165972 0.314205 0.047222 0.085227
0 0.353472 0.298295 0.048611 0.092045
0 0.300694 0.234659 0.029167 0.060227
0 0.370139 0.232386 0.029167 0.046591
0 0.406250 0.277841 0.043056 0.067045
0 0.432986 0.251705 0.018750 0.055682
0 0.455556 0.475000 0.047222 0.088636
0 0.478819 0.272159 0.031250 0.057955
0 0.526736 0.265341 0.029861 0.067045
0 0.560764 0.277841 0.043750 0.080682
0 0.613889 0.305114 0.038889 0.073864
0 0.652083 0.330682 0.047222 0.088636
0 0.713542 0.355114 0.054861 0.098864
0 0.718750 0.212500 0.029167 0.070455
0 0.768403 0.257386 0.042361 0.073864
1 0.809028 0.257386 0.038889 0.057955
0 0.882639 0.236932 0.041667 0.069318
0 0.938889 0.255682 0.047222 0.081818
0 0.840278 0.253977 0.023611 0.046591
