0 0.040625 0.881818 0.067361 0.113636
0 0.125000 0.784659 0.065278 0.110227
0 0.167014 0.714773 0.050694 0.095455
1 0.094097 0.477841 0.045139 0.071591
0 0.083333 0.353409 0.038889 0.088636
0 0.025000 0.318182 0.036111 0.075000
1 0.080556 0.045455 0.048611 0.079545
0 0.296875 0.072159 0.053472 0.082955
0 0.258681 0.268750 0.053472 0.071591
0 0.263542 0.496023 0.046528 0.089773
0 0.373611 0.927273 0.070833 0.104545
0 0.517708 0.746591 0.064583 0.079545
0 0.564931 0.825000 0.071528 0.102273
0 0.496875 0.428977 0.057639 0.092045
0 0.482292 0.276136 0.061806 0.086364
0 0.489583 0.148295 0.056944 0.073864
0 0.640278 0.492045 0.048611 0.081818
0 0.659722 0.271591 0.052778 0.090909
0 0.746875 0.267045 0.057639 0.095455
0 0.932639 0.643182 0.069444 0.075000
0 0.892361 0.345455 0.061111 0.081818
0 0.821875 0.200568 0.046528 0.073864
0 0.819792 0.088636 0.045139 0.063636
