0 0.058585 0.481739 0.091647 0.139130
0 0.085267 0.119130 0.066125 0.095652
1 0.145592 0.087826 0.054524 0.095652
0 0.308585 0.044348 0.055684 0.085217
1 0.226798 0.115652 0.070766 0.109565
1 0.261601 0.281739 0.045244 0.076522
1 0.214037 0.475652 0.084687 0.130435
1 0.156032 0.638261 0.107889 0.111304
0 0.208817 0.874783 0.132251 0.219130
1 0.356148 0.657391 0.141531 0.160000
1 0.322506 0.375652 0.092807 0.125217
1 0.342807 0.134783 0.073086 0.078261
1 0.437935 0.149565 0.063805 0.090435
0 0.497680 0.112174 0.071926 0.099130
0 0.487819 0.348696 0.089327 0.130435
1 0.568445 0.260000 0.062645 0.099130
1 0.627610 0.109565 0.078886 0.114783
1 0.732599 0.106087 0.070766 0.080000
1 0.743619 0.265217 0.062645 0.088696
0 0.678654 0.425217 0.099768 0.154783
1 0.632831 0.662609 0.089327 0.125217
0 0.751740 0.793043 0.102088 0.146087
0 0.827146 0.496522 0.090487 0.137391
1 0.864269 0.140870 0.060325 0.093913
1 0.974478 0.086087 0.048724 0.074783
0 0.922854 0.313043 0.073086 0.097391
