0 0.266340 0.104743 0.025054 0.063241
0 0.235294 0.146245 0.039216 0.071146
0 0.163399 0.633399 0.078431 0.136364
0 0.337146 0.522727 0.062092 0.124506
0 0.419390 0.310277 0.054466 0.114625
0 0.401961 0.032609 0.019608 0.033597
0 0.456972 0.049407 0.018519 0.047431
0 0.556100 0.077075 0.031590 0.047431
0 0.542484 0.251976 0.052288 0.108696
0 0.570261 0.423913 0.064270 0.120553
0 0.653050 0.244071 0.057734 0.112648
1 0.749455 0.125494 0.030501 0.057312
0 0.812092 0.156126 0.035948 0.079051
0 0.788126 0.044466 0.027233 0.053360
0 0.852397 0.037549 0.033769 0.059289
0 0.900327 0.065217 0.033769 0.043478
