0 0.107040 0.583799 0.079023 0.184358
0 0.067529 0.265363 0.063218 0.145251
0 0.135057 0.118715 0.057471 0.153631
0 0.224138 0.511173 0.066092 0.173184
0 0.163793 0.409218 0.057471 0.136872
0 0.331178 0.593575 0.058908 0.198324
0 0.271552 0.934358 0.094828 0.125698
0 0.426006 0.898045 0.110632 0.198324
0 0.419540 0.357542 0.071839 0.173184
0 0.341236 0.240223 0.061782 0.150838
0 0.543822 0.378492 0.058908 0.142458
0 0.576868 0.782123 0.081897 0.162011
0 0.627874 0.585196 0.063218 0.175978
0 0.603448 0.325419 0.066092 0.164804
0 0.660920 0.125698 0.054598 0.134078
1 0.535201 0.090782 0.047414 0.097765
0 0.765086 0.416201 0.058908 0.145251
0 0.806034 0.680168 0.089080 0.203911
0 0.856322 0.650838 0.057471 0.156425
0 0.964080 0.456704 0.068966 0.187151
0 0.923851 0.201117 0.060345 0.150838
0 0.942529 0.055866 0.051724 0.089385
0 0.848420 0.363128 0.067529 0.139665
0 0.973420 0.888268 0.047414 0.217877
