0 0.024479 0.159722 0.041667 0.080556
0 0.083073 0.207407 0.053646 0.100000
1 0.099479 0.359259 0.052083 0.096296
0 0.047135 0.856019 0.077604 0.141667
0 0.260677 0.105556 0.058854 0.087037
0 0.274219 0.383796 0.056771 0.113889
0 0.166927 0.650463 0.057813 0.132407
0 0.125000 0.739815 0.071875 0.138889
0 0.376823 0.913426 0.066146 0.132407
0 0.486458 0.106019 0.067708 0.102778
0 0.499219 0.298148 0.064062 0.111111
0 0.517708 0.695833 0.058333 0.097222
0 0.567708 0.789352 0.076042 0.130556
0 0.660677 0.104167 0.059896 0.100926
0 0.639844 0.378241 0.054688 0.112037
0 0.748177 0.102315 0.070312 0.125000
0 0.824479 0.032870 0.054167 0.063889
0 0.894792 0.199074 0.065625 0.105556
0 0.930469 0.568981 0.073438 0.110185
