0 0.095000 0.752220 0.170000 0.321492
0 0.262500 0.615453 0.103000 0.190053
1 0.301000 0.378330 0.064000 0.110124
0 0.410500 0.513321 0.085000 0.149201
1 0.476500 0.353464 0.035000 0.117229
0 0.547500 0.421847 0.109000 0.214920
0 0.643500 0.420959 0.087000 0.181172
1 0.673000 0.135879 0.044000 0.083481
0 0.864000 0.212256 0.048000 0.076377
0 0.918500 0.181172 0.053000 0.103020
0 0.739000 0.313499 0.048000 0.087034
0 0.782000 0.418295 0.072000 0.143872
0 0.959500 0.438721 0.067000 0.134991
0 0.753500 0.912966 0.133000 0.170515
0 0.441500 0.100355 0.033000 0.055062
1 0.596000 0.134103 0.032000 0.072824
1 0.777000 0.048845 0.030000 0.047957
