0 0.010000 0.353333 0.018333 0.025185
0 0.115833 0.377037 0.020000 0.031111
0 0.034167 0.451852 0.038333 0.065185
0 0.095833 0.540741 0.030000 0.071111
0 0.206667 0.441481 0.053333 0.100741
0 0.228750 0.368889 0.022500 0.053333
0 0.258750 0.341481 0.020833 0.037037
0 0.324167 0.357778 0.013333 0.025185
0 0.299167 0.392593 0.016667 0.035556
0 0.320000 0.473333 0.035000 0.069630
0 0.352917 0.435556 0.019167 0.053333
0 0.399583 0.450370 0.055833 0.097778
0 0.452917 0.627407 0.065833 0.137778
0 0.444583 0.381481 0.014167 0.025185
0 0.595417 0.470370 0.024167 0.063704
0 0.643750 0.405926 0.020833 0.047407
0 0.687500 0.497778 0.035000 0.071111
0 0.847917 0.645926 0.159167 0.308148
0 0.940417 0.742963 0.060833 0.128889
