0 0.668000 0.657280 0.122000 0.188187
0 0.802000 0.557692 0.132000 0.195055
0 0.941500 0.453297 0.059000 0.104396
0 0.827000 0.256868 0.066000 0.085165
0 0.930000 0.219780 0.034000 0.068681
0 0.685500 0.363324 0.079000 0.111264
0 0.630500 0.197115 0.043000 0.075549
0 0.562500 0.450549 0.073000 0.112637
0 0.367000 0.455357 0.072000 0.122253
0 0.508000 0.361951 0.060000 0.078297
0 0.250500 0.418269 0.061000 0.075549
0 0.117500 0.526099 0.073000 0.118132
0 0.050500 0.380495 0.055000 0.079670
0 0.238500 0.221154 0.057000 0.071429
0 0.356500 0.168269 0.053000 0.075549
0 0.477500 0.217033 0.029000 0.057692
0 0.532000 0.255495 0.034000 0.060440
0 0.141500 0.171703 0.057000 0.074176
