0 0.108333 0.488506 0.075926 0.188834
0 0.271759 0.316092 0.089815 0.136289
0 0.086574 0.224959 0.047222 0.082102
0 0.326389 0.091133 0.043519 0.083744
0 0.461574 0.327586 0.052778 0.100164
0 0.522685 0.261905 0.036111 0.087028
0 0.621759 0.275862 0.034259 0.098522
0 0.571296 0.456486 0.059259 0.118227
0 0.604167 0.670772 0.062037 0.133005
0 0.761574 0.432677 0.067593 0.103448
0 0.597685 0.053366 0.028704 0.070608
0 0.822222 0.128900 0.037037 0.047619
0 0.955556 0.206897 0.068519 0.134647
0 0.467130 0.105911 0.021296 0.067323
