0 0.089375 0.826667 0.061250 0.086667
0 0.219375 0.826667 0.058750 0.086667
0 0.330625 0.856667 0.056250 0.083333
0 0.504375 0.900833 0.068750 0.085000
0 0.794375 0.767500 0.061250 0.075000
0 0.952500 0.836667 0.055000 0.050000
0 0.664375 0.660000 0.058750 0.076667
0 0.850000 0.507500 0.047500 0.061667
0 0.979375 0.568333 0.033750 0.063333
0 0.719375 0.503333 0.036250 0.053333
0 0.542500 0.679167 0.055000 0.071667
0 0.408125 0.645833 0.053750 0.068333
0 0.225000 0.588333 0.030000 0.076667
0 0.188750 0.575000 0.055000 0.080000
0 0.120625 0.570833 0.051250 0.071667
0 0.013125 0.543333 0.023750 0.073333
0 0.020625 0.392500 0.038750 0.045000
0 0.130000 0.390833 0.045000 0.061667
0 0.262500 0.430000 0.040000 0.056667
0 0.343750 0.420833 0.045000 0.058333
0 0.469375 0.480833 0.051250 0.061667
0 0.570625 0.495000 0.048750 0.060000
0 0.965000 0.354167 0.042500 0.061667
0 0.814375 0.318333 0.028750 0.060000
0 0.722500 0.305833 0.040000 0.065000
0 0.650000 0.304167 0.045000 0.048333
0 0.536875 0.250833 0.041250 0.061667
0 0.483125 0.257500 0.033750 0.061667
0 0.372500 0.215000 0.035000 0.060000
0 0.291250 0.231667 0.032500 0.053333
0 0.179375 0.204167 0.031250 0.051667
0 0.085625 0.201667 0.038750 0.063333
0 0.019375 0.191667 0.036250 0.056667
0 0.017500 0.096667 0.030000 0.046667
0 0.116250 0.105000 0.022500 0.046667
0 0.206875 0.140833 0.033750 0.051667
0 0.332500 0.145833 0.030000 0.055000
0 0.483750 0.119167 0.027500 0.055000
0 0.573125 0.151667 0.033750 0.060000
0 0.695625 0.180000 0.036250 0.060000
0 0.788125 0.159167 0.038750 0.065000
0 0.900625 0.193333 0.036250 0.056667
0 0.985000 0.210000 0.027500 0.060000
0 0.815625 0.060833 0.031250 0.048333
0 0.740000 0.069167 0.035000 0.051667
0 0.641250 0.062500 0.032500 0.055000
0 0.597500 0.020833 0.025000 0.038333
0 0.514375 0.057500 0.033750 0.045000
0 0.446875 0.060000 0.033750 0.040000
0 0.379375 0.046667 0.033750 0.046667
0 0.291875 0.031667 0.036250 0.046667
0 0.175000 0.052500 0.025000 0.038333
0 0.110625 0.024167 0.023750 0.045000
