0 0.398000 0.251779 0.070000 0.129893
0 0.539000 0.393238 0.058000 0.110320
0 0.288000 0.888790 0.132000 0.218861
0 0.536500 0.932384 0.121000 0.131673
0 0.838500 0.201068 0.059000 0.106762
0 0.644000 0.150356 0.062000 0.101423
0 0.724000 0.156584 0.060000 0.131673
0 0.512000 0.251779 0.062000 0.129893
0 0.528000 0.045374 0.026000 0.080071
0 0.408500 0.086299 0.045000 0.083630
0 0.270000 0.032918 0.030000 0.062278
0 0.158500 0.086299 0.045000 0.076512
0 0.050500 0.121886 0.049000 0.069395
0 0.205000 0.052491 0.032000 0.065836
0 0.787000 0.040036 0.040000 0.076512
1 0.228500 0.120107 0.037000 0.076512
