1 0.137500 0.172222 0.067187 0.113889
1 0.342969 0.053472 0.031250 0.065278
1 0.493750 0.070139 0.035937 0.070833
0 0.534766 0.114583 0.053906 0.112500
1 0.383984 0.192361 0.060156 0.093056
0 0.361328 0.349306 0.077344 0.148611
1 0.199219 0.367361 0.062500 0.070833
1 0.122656 0.798611 0.067187 0.119444
0 0.308203 0.476389 0.075781 0.152778
1 0.475000 0.436806 0.109375 0.198611
1 0.626172 0.218056 0.041406 0.077778
0 0.671094 0.254861 0.064062 0.126389
0 0.862500 0.266667 0.095312 0.172222
0 0.713672 0.692361 0.117969 0.223611
