0 0.021562 0.488285 0.041875 0.078725
0 0.086875 0.452671 0.045000 0.069353
0 0.191250 0.452671 0.047500 0.073102
0 0.285625 0.425023 0.042500 0.062793
0 0.347500 0.447985 0.046250 0.082474
0 0.482812 0.465792 0.045625 0.076851
0 0.503125 0.425023 0.027500 0.085286
0 0.612812 0.438144 0.025625 0.047798
0 0.691250 0.329897 0.050000 0.093721
0 0.869375 0.352858 0.058750 0.087160
0 0.990938 0.376757 0.016875 0.074977
0 0.925937 0.373477 0.046875 0.077788
1 0.637813 0.445173 0.034375 0.073102
1 0.403750 0.491097 0.043750 0.073102
1 0.259062 0.468135 0.046875 0.083411
